27.215017 -6.337024 
23.875202 24.698841 
-13.182179 16.093775 
4.317596 -1.356177 
-10.817243 0.804055 
33.295605 8.142704 
-28.671795 6.418133 
-20.569057 -21.766106 
-27.465673 -5.943336 
-31.295296 29.935471 
1.034592 20.346735 
-16.317471 8.253136 
-0.513361 28.366501 
21.708616 1.604699 
-7.981710 23.491768 
-11.803332 18.463470 
-34.419579 26.959625 
-33.115532 -18.467169 
31.218609 -9.066423 
-38.398155 -2.537896 
-20.937603 28.238049 
28.073584 -14.000055 
-9.983442 15.614924 
13.417901 1.896386 
-4.988992 25.910103 
17.676188 -12.942396 
11.198305 -8.757079 
-26.722067 -3.593728 
26.336088 -10.179772 
31.469793 -8.978390 
36.517460 5.318408 
28.694105 -3.626405 
-8.125067 18.886013 
32.877762 -1.050561 
36.020191 25.207695 
30.484974 8.464836 
9.567719 -13.136436 
-15.403370 -3.177985 
-24.997351 -13.425920 
-6.679898 -19.823574 
-31.746305 -22.435480 
20.838018 29.085100 
14.755601 -7.008700 
-10.506917 -12.350378 
6.759080 -15.335236 
18.571880 -22.471506 
-26.871845 14.704284 
36.008324 -26.848244 
-25.903147 -15.596257 
18.612352 9.393819 
11.156668 15.584090 
-29.207808 1.212604 
-34.407490 -17.720695 
25.574183 4.399117 
-35.844894 -20.531572 
-23.653711 23.397339 
39.823921 -26.756546 
-34.213696 -29.750303 
7.511374 -19.177664 
-8.664782 24.781601 
-11.272370 3.149101 
-3.793932 11.243246 
2.464639 15.437630 
39.378277 4.618267 
19.824743 7.734596 
19.824230 19.994312 
29.861708 19.862253 
19.504896 24.201981 
13.350427 -0.164489 
26.400948 23.336926 
11.976559 -15.117352 
-21.669041 12.037198 
-13.697837 -16.114323 
10.645776 -16.580616 
0.854878 28.287943 
3.688550 13.156115 
-2.281326 5.552395 
-3.926595 -9.818933 
-5.238936 -29.806112 
7.878504 19.994598 
14.038078 -1.022983 
-15.603545 12.725236 
9.745826 -27.548141 
15.678703 10.436190 
-12.230730 -18.922651 
10.172631 13.843760 
19.235075 -17.867233 
14.780523 9.187819 
2.595278 -24.741383 
30.190714 11.167496 
-31.097950 -8.303946 
7.456916 9.993396 
22.061378 -12.697235 
-24.819921 29.061792 
26.191290 -10.111256 
-5.080240 27.518217 
21.189714 11.944524 
14.862864 -6.970084 
35.444103 24.976376 
-23.716143 17.619410 
-16.216925 24.295948 
29.918318 -0.111364 
-26.979460 -13.565330 
-0.608094 -2.180271 
-0.321808 -12.536803 
14.734275 13.653017 
8.248706 -0.454697 
17.940159 -19.307549 
-0.117961 -22.724472 
-11.164592 -10.511580 
32.678772 7.325727 
25.450209 -0.235535 
-8.453827 9.529870 
-19.287510 -20.926201 
-31.372137 8.832443 
-16.938438 -10.116851 
-5.813782 26.069679 
-18.763094 9.524798 
-1.005851 -20.563673 
10.053226 1.062883 
4.604849 -4.428038 
-8.448930 -15.340381 
18.348806 8.319249 
-12.940566 23.853617 
-7.136965 -29.675488 
21.950899 -12.379316 
29.242785 13.260347 
-4.071591 29.188026 
-23.129366 -1.566361 
-32.486439 -24.026442 
-15.858952 9.427195 
-29.463829 -26.909502 
-3.382751 16.852100 
-4.595181 -22.853323 
6.290788 1.793953 
-11.046653 -11.742873 
-1.873228 -19.810783 
2.059769 7.135523 
-21.307503 19.788498 
-32.093006 25.423668 
-1.461332 -16.470545 
-16.733707 -8.568417 
-12.459924 18.894520 
-37.093807 -14.551866 
10.077128 20.166225 
-22.319250 -18.118765 
-31.221384 10.476315 
17.556944 -17.978859 
-14.747357 -3.959486 
-9.140141 1.970759 
4.431819 -29.125240 
-9.426628 -11.675520 
-19.164413 8.979538 
33.567272 11.159182 
15.827858 -11.282971 
-39.519619 1.977590 
9.475742 8.561552 
-7.943276 -8.270741 
24.151735 10.668742 
-37.368587 -26.186363 
-24.990686 7.137500 
5.426487 -29.932470 
-15.580894 -14.305780 
28.604418 -19.130327 
13.387240 22.740566 
-14.941636 23.100853 
-27.428865 0.207659 
14.052324 24.250202 
-8.438296 12.364004 
3.791768 14.337563 
-21.350489 25.594547 
34.673603 -0.335587 
35.130333 17.978743 
7.559782 9.432055 
34.868141 -10.527515 
7.132535 8.266258 
22.033718 17.694609 
8.350302 -1.766147 
23.639233 21.905130 
13.153152 -5.251044 
7.751921 8.736089 
-28.132645 4.741290 
16.072828 1.089040 
1.203926 -23.241123 
0.827922 -27.090019 
-9.227327 8.259382 
-28.481440 -5.215330 
-7.458674 -28.952604 
5.897695 18.776821 
-4.260598 -1.358315 
-35.302139 -25.544374 
7.782381 -16.643858 
10.419453 25.410763 
-2.971820 -3.686292 
36.212978 26.934650 
21.361094 -9.985847 
-22.469116 -1.346926 
-2.706512 23.059069 
-25.298773 -2.517661 
21.315807 24.286890 
20.928995 27.810286 
-7.809698 3.647071 
9.773329 -18.538340 
-11.191590 9.232795 
-23.144674 6.392530 
-31.217785 -7.586649 
11.721615 5.561514 
7.707241 -26.468370 
5.089395 -15.442450 
-12.492690 -29.455593 
8.114140 16.241154 
34.661804 -19.616121 
-0.982344 17.713877 
37.254528 -20.679817 
30.576340 -8.038323 
19.811020 -1.451662 
35.731239 -22.660452 
9.855556 13.119979 
-25.274702 -13.062974 
-23.761841 7.567508 
-29.866461 -16.346888 
-38.890701 -20.350534 
-3.052177 8.912707 
-31.931442 6.853602 
-8.500313 -0.214142 
-16.545811 -15.355877 
5.293159 -18.557447 
-5.452519 18.834221 
-11.489358 29.878193 
1.883870 -17.943188 
15.982973 -10.343033 
11.736946 -9.511058 
21.336092 18.199810 
14.553739 24.251228 
20.198296 -12.124006 
-24.874910 5.466636 
-31.883667 -20.563494 
-29.106359 5.347116 
31.164255 26.730099 
34.017570 -1.857000 
6.960896 -19.869770 
-1.891627 18.932940 
2.121804 4.935009 
-21.981155 -14.149688 
3.054022 -29.000965 
-12.196323 -17.657148 
-7.921172 -11.569899 
11.610717 -3.399668 
16.254900 -10.026477 
20.736673 -14.513300 
-38.705803 20.707373 
8.061011 -10.711348 
2.146415 20.880007 
-19.501770 -25.605860 
31.185019 6.684656 
25.706463 27.537413 
-12.483244 -8.403465 
-38.090942 -29.695427 
-16.569155 12.495747 
0.592764 -1.951748 
-24.721315 -0.981099 
-36.528423 -24.935341 
16.908390 6.674471 
36.925213 22.048143 
-1.924212 15.436908 
-39.441589 4.716754 
19.498165 25.354321 
23.011391 26.786114 
-18.008276 -15.640754 
-32.396580 14.803820 
-26.135950 26.262833 
-32.265488 28.866516 
-12.676825 11.547808 
-5.248152 9.241718 
8.039372 -22.201441 
-9.760228 -21.782635 
-30.843277 22.840990 
-23.130947 10.099533 
-15.012522 26.593325 
-30.233101 -27.704109 
-8.056008 -17.306072 
-27.187048 -11.505189 
-39.565208 8.987193 
-3.044075 -24.948921 
22.874584 11.080608 
29.375788 -26.239563 
2.165997 -19.372021 
-31.238033 -6.720232 
11.072755 12.020376 
-7.470796 19.345551 
33.724079 -16.696455 
-10.063933 -7.086741 
24.636742 -6.760647 
34.734489 20.956297 
17.154533 8.112235 
9.972652 0.144076 
13.747261 -28.231426 
7.976523 -21.659952 
-24.328171 16.644615 
18.824903 -18.958483 
-14.960836 -23.665422 
-31.821339 -1.213372 
-24.022093 -12.735816 
35.760078 -16.684948 
22.277020 26.180952 
-16.431896 3.660441 
29.873106 -16.029114 
10.348745 19.953279 
21.864077 -28.292849 
9.406575 15.825830 
-17.256857 -25.394798 
-26.182230 -19.260801 
-4.556589 -7.277371 
-31.945145 -10.457314 
8.608027 -23.749550 
19.977512 -6.073471 
-8.460900 -13.668642 
-34.541214 24.092916 
30.498535 10.490973 
-2.268896 -12.454095 
-20.314304 4.603261 
-29.913607 14.966590 
-1.130739 -18.450851 
-29.328959 -12.409712 
-39.773777 24.046309 
24.689342 9.029443 
-25.966951 -27.316233 
22.004604 -23.222143 
-23.419466 29.651758 
13.432666 -2.049914 
31.385904 12.714358 
-24.520588 20.279154 
13.891853 -10.568901 
2.601132 -2.565620 
17.367327 -2.395953 
-39.532543 -13.878946 
15.469623 -3.354160 
12.246935 -16.850706 
1.148136 -4.415307 
-35.962700 -24.340807 
30.321007 29.198622 
-17.257605 -19.191820 
-4.880765 21.227070 
22.894939 -6.822081 
-5.875638 -23.796587 
37.415527 -23.445995 
-27.254045 18.156223 
-8.345263 -2.658576 
19.600662 28.202526 
-32.917736 -28.769499 
31.830648 23.971256 
-6.468488 -18.971949 
22.271246 7.367478 
-3.080888 -5.461317 
8.146152 20.131954 
-23.821413 18.193602 
-34.294239 27.753067 
-9.239279 -8.505881 
33.348072 -23.805386 
30.048349 -18.493687 
34.294216 -24.620701 
37.471577 0.527933 
-24.940155 -12.768632 
-19.049126 14.920702 
17.745794 -8.969685 
-17.188066 3.164256 
36.616749 7.443576 
-5.370142 -29.485884 
-10.901801 25.525171 
-18.830093 18.061432 
-25.117718 13.782094 
-39.443665 11.885777 
-39.065544 23.180660 
11.135881 -21.106184 
14.055552 22.203161 
3.817827 -20.687887 
-22.161762 -23.225327 
28.862738 2.747066 
28.546061 24.570715 
36.488869 -19.551855 
-20.226570 -8.390142 
10.230389 -7.972892 
1.391258 -7.272050 
15.527285 -28.920139 
9.557581 11.621524 
31.628298 -15.515105 
17.918022 -2.136427 
-25.867485 -10.489374 
11.032496 -19.079828 
-38.033962 -21.713177 
-23.018507 -6.883104 
-29.626928 -29.210312 
19.612352 1.833132 
-20.240822 -16.521404 
31.764425 20.646782 
-6.626112 14.368004 
-32.600502 -2.193479 
30.458008 8.405907 
-22.820730 -13.319721 
-3.338516 -11.845192 
30.074558 0.890928 
12.300776 8.670732 
23.896471 -6.620003 
-14.203901 8.199381 
29.135540 2.022700 
-32.029652 27.053116 
6.118348 -27.397259 
1.417779 25.446245 
22.731377 -21.669302 
-21.394796 5.826811 
25.528130 -1.617270 
23.273584 -22.391687 
22.071955 25.530664 
-16.685499 -15.122261 
-37.471493 -23.270607 
9.271557 -17.292845 
35.171944 17.295916 
18.147694 -11.640751 
-27.668684 -24.592218 
28.755312 -10.638314 
29.385719 -21.492218 
-8.795970 25.962971 
4.583317 12.516936 
-30.864067 -29.997187 
-15.378942 -28.100805 
-37.196884 8.852861 
17.055996 5.231820 
-5.220805 -11.157411 
-33.569279 -1.908923 
29.189848 -10.342439 
-20.281948 -18.303150 
-31.910103 5.099873 
-33.393841 -21.462639 
39.163303 -14.610689 
-28.442562 3.855104 
-7.075906 5.957441 
31.233624 -11.250563 
-27.395626 14.833834 
18.454123 19.656876 
-8.485751 11.549261 
-9.610045 26.337801 
0.609370 -27.594776 
5.446080 -22.640158 
-13.027961 -23.267679 
-31.498251 -14.599601 
32.563717 10.093470 
-11.570500 3.518688 
-8.728957 12.971969 
19.236040 -3.187439 
4.655806 20.448248 
16.285654 -16.759287 
-36.488697 13.697741 
37.536781 -12.217699 
-37.054592 8.011331 
-11.126884 14.387641 
-20.059038 8.810429 
18.952065 -29.867447 
2.962417 -6.414165 
-33.248787 -21.987135 
-3.250821 11.504721 
2.146159 -6.281039 
2.660208 -3.647562 
6.381221 -5.494976 
19.915358 -3.285920 
-37.574078 18.368916 
5.470352 -26.675362 
21.972742 17.538687 
3.166714 -10.239500 
-38.343357 -5.176090 
35.896656 22.385794 
17.400997 -6.004587 
16.559620 25.990568 
-6.018101 0.776485 
-4.886089 -14.286997 
-33.072304 -12.467555 
-2.074995 21.635208 
0.669551 8.114765 
3.590834 -19.510199 
37.959900 -18.267715 
3.012783 -21.345224 
23.405296 21.705523 
-4.576911 4.125239 
2.577466 29.611664 
-37.594791 -4.052904 
37.851727 1.142869 
17.790131 29.586622 
2.161386 0.088786 
-30.082443 -27.218088 
-35.978939 -28.748165 
-8.776887 3.511422 
8.272889 -8.934606 
-22.683451 17.632711 
21.014301 -10.434190 
25.747366 -8.630282 
-28.568897 -10.241488 
20.491430 -26.898891 
-21.601295 4.722148 
-12.874335 12.160316 
9.839025 15.176113 
-31.804569 -21.406553 
18.091537 14.798115 
-23.071657 27.785526 
-18.734533 13.546252 
-14.915193 2.856778 
23.500277 11.430104 
23.439571 -3.201322 
22.827696 10.597706 
-17.665798 -29.058046 
25.549923 8.321223 
-9.565243 14.467796 
0.001488 -1.963550 
37.655411 10.732707 
-21.180386 26.681807 
26.071566 -14.504588 
21.816475 -26.879381 
-36.093933 20.700296 
-9.869533 7.821069 
-17.348932 24.571720 
31.385424 13.734161 
-19.645403 -23.439772 
20.781702 6.561345 
-39.060375 4.802903 
-21.855085 18.917614 
-26.588123 8.471289 
12.487874 -5.166355 
26.804010 -2.236807 
-3.148282 20.361044 
21.029699 -22.650654 
-33.536377 -29.111586 
-37.007492 -13.845638 
18.811789 -28.259361 
32.013000 -27.554644 
19.524492 -13.945958 
2.611726 -3.887051 
6.359509 -24.521147 
14.268118 25.581861 
9.777122 -6.779350 
-24.285780 -21.007074 
14.413609 -16.159359 
31.425213 -13.914978 
-22.816210 -29.806137 
-28.309172 24.203615 
12.601737 8.846984 
38.736134 -19.194221 
36.165577 15.575410 
-13.293449 -3.723501 
-25.734886 -26.390659 
28.971737 -14.604995 
13.477487 26.205212 
-0.832212 19.774122 
6.397238 -27.338036 
15.947539 -18.569914 
28.758314 20.881390 
-17.025522 19.933489 
-27.992092 17.057673 
-31.653524 -22.912415 
38.794189 -12.213580 
-19.797226 -20.484777 
13.601926 19.623337 
-14.544734 -11.000822 
-21.244698 23.797106 
-27.686178 5.757761 
38.143826 -2.673503 
-4.230190 14.557356 
-32.196503 23.563286 
0.604400 29.823143 
-11.559367 28.918785 
-18.910679 -15.929132 
-5.735319 24.272312 
2.380324 -16.636240 
-3.138538 -2.569763 
-5.108113 6.665603 
8.162428 5.273473 
9.274822 -27.899170 
-3.034799 -22.046545 
-32.600857 8.406754 
27.283195 29.737230 
30.882477 -14.445781 
-32.831280 11.252730 
-30.380587 -16.962027 
-2.597656 10.684070 
16.914749 -23.147015 
4.104169 12.974806 
27.728918 -10.069077 
30.763475 17.654823 
25.215746 23.204180 
19.432209 13.666576 
12.207052 6.828434 
23.743052 12.204975 
27.642132 19.419535 
-30.640438 -12.528708 
27.650640 -29.842646 
-25.170811 3.235481 
-30.960964 -5.967830 
-33.950012 -12.895225 
-26.334454 -23.983416 
32.490112 20.590742 
10.964316 -0.253970 
10.177481 -12.446681 
-15.605716 -21.715082 
-24.004948 -14.695411 
21.841246 -23.957430 
-3.175246 -12.835538 
29.108002 -6.056262 
7.965815 -1.518771 
-29.636608 8.730390 
3.699874 3.097974 
15.258459 -18.678789 
-4.078376 18.954321 
32.858089 -22.749966 
-24.312735 -10.753675 
21.811501 -24.372740 
-11.854459 3.245825 
-1.206442 -4.923174 
-38.515533 -28.948812 
26.981743 -21.176270 
20.501133 11.598636 
1.474844 -6.957520 
22.109930 19.983698 
-13.850559 14.627264 
-38.764492 26.392714 
36.727699 12.751339 
-39.723354 -26.139505 
-13.288456 2.955663 
-34.928574 4.069013 
-18.593721 -5.694680 
-30.618349 -20.318830 
1.487654 10.787302 
-31.311394 -2.630251 
1.161989 16.981831 
-36.697918 17.908463 
31.103945 15.454236 
26.408819 15.661720 
-13.958542 -24.304623 
-20.890135 -20.501053 
-26.420143 -4.446345 
-20.185179 2.589892 
-38.485367 -26.294367 
-26.062250 -19.777912 
-26.994200 11.093580 
31.576868 13.570143 
5.338221 6.898101 
36.101360 -3.295285 
-7.988177 16.235809 
-8.136827 -29.431791 
37.139870 -19.246901 
34.823666 -4.385785 
-34.584320 -3.249810 
30.390768 7.203503 
-28.141146 16.957853 
-24.030621 10.640504 
-36.042145 -15.355831 
12.551978 -18.279812 
-37.971607 5.729056 
-0.901352 29.626434 
-31.165836 27.481339 
-27.358780 23.599087 
19.901466 27.660847 
-7.897445 20.453924 
-22.066904 29.348064 
18.555079 -18.674900 
37.270584 -15.706510 
25.183558 23.707474 
-31.297182 25.228769 
-26.130175 -5.447244 
-20.205559 1.178380 
0.056524 10.659294 
-25.529104 -4.414607 
-15.447815 19.662310 
-35.761856 -26.887867 
6.534575 17.028442 
23.018343 14.981380 
-20.972330 3.869048 
30.663916 10.396162 
-30.061098 20.798531 
-11.284198 -24.355639 
4.134486 5.686754 
11.018620 16.539925 
14.783882 -25.045937 
5.821043 -21.867327 
-4.011045 13.033604 
1.257000 0.297361 
25.583033 14.568114 
-38.480968 7.566051 
-28.906610 15.020227 
13.404756 -23.442923 
17.287294 9.657943 
-4.617773 -12.078093 
7.591017 29.009819 
6.016220 3.375601 
8.590934 -29.632683 
-6.129764 1.310067 
39.124710 -9.502658 
-30.462084 -8.363384 
33.812672 -0.043343 
5.818799 -19.989777 
-14.649260 22.975695 
12.465021 -10.487635 
21.632536 25.205627 
37.405468 -0.282207 
-15.978036 -23.839006 
-11.983401 1.563671 
32.407715 0.907204 
-23.777018 8.060641 
-29.873682 3.420145 
24.056622 -22.215755 
6.729698 -3.202700 
-37.719971 -23.853935 
21.726240 22.370468 
-0.147792 20.424568 
22.478977 -21.558958 
-34.404499 -0.546510 
30.458784 -6.240724 
-37.348145 5.926512 
3.693745 13.521251 
4.677846 1.563717 
19.008913 -23.389009 
23.974239 -21.678988 
-25.043947 24.615694 
-0.454629 -5.495151 
-16.241587 -18.635918 
-23.813889 -14.439292 
10.698706 -21.595205 
6.420904 -19.606314 
-27.109375 13.163995 
-16.079460 -13.327621 
5.329447 -29.070936 
-17.531914 18.909742 
-32.198521 -29.873217 
22.962162 -0.214189 
-14.644397 17.604620 
39.003765 29.744204 
-28.076752 7.768233 
16.521765 -17.416088 
29.022297 -7.748119 
19.551165 10.192286 
-27.835012 -15.810629 
13.593464 1.040435 
-13.883376 6.891545 
31.460709 -5.886833 
29.477926 13.129869 
-37.352749 12.382693 
-3.435810 21.325130 
-38.312477 3.716453 
20.669102 -4.516824 
-22.797325 -19.853451 
35.966087 -10.729710 
15.968249 29.465387 
-18.816597 -10.947144 
26.567600 -17.351612 
31.666214 -25.243168 
20.237654 -23.257727 
8.468033 4.165415 
-32.943943 5.431056 
22.422628 -9.067118 
27.458374 3.834888 
6.083836 0.809452 
3.628458 -17.214361 
-37.439674 -1.326808 
-29.319077 -11.401108 
10.952408 -17.651447 
28.730387 27.526793 
23.018621 3.877818 
5.740365 9.169860 
33.417377 -4.013169 
15.071959 -13.419389 
10.255274 21.143488 
31.132309 -6.135169 
-28.703472 -4.214923 
16.864555 3.795769 
-0.702899 -17.989925 
-11.927910 -26.442135 
-14.163224 20.821831 
29.155348 -4.872895 
39.715328 -9.809862 
-1.814181 -28.505894 
1.769493 9.185562 
-33.567562 2.534794 
28.142902 11.007190 
-31.915712 -6.344394 
12.824198 23.128431 
-5.971156 -15.817501 
-28.064117 3.560081 
-4.986657 -4.573409 
-9.682716 -4.786912 
20.270330 23.852451 
-7.669138 -4.820428 
32.582710 0.003900 
24.654333 -8.888924 
-28.893942 -2.825708 
-37.381191 -23.207560 
-29.855005 2.314074 
-17.584999 11.265985 
-17.552553 -22.474007 
15.982701 0.263955 
-3.561862 -14.533297 
-21.114283 9.714849 
13.580715 4.151881 
11.655437 -7.357369 
-15.593590 0.972174 
-11.301807 2.936281 
-16.172115 10.545027 
-2.132426 27.356277 
-23.345963 -15.808137 
-10.657376 26.178888 
35.648659 -6.492508 
-6.242035 7.671781 
-14.559968 -12.142683 
17.127300 26.598894 
-3.037330 -15.096298 
13.030430 6.427346 
38.154778 24.298260 
26.364555 -7.301060 
-10.404352 5.189468 
-37.138603 27.196436 
-23.520916 23.932930 
10.719045 -10.748596 
17.912136 8.331428 
-9.358929 -8.823097 
-6.439820 18.898905 
37.775520 -1.328272 
-34.094097 -2.712189 
28.096319 -12.938773 
6.761772 9.257963 
4.349709 11.404010 
-3.157169 23.763323 
20.679276 1.802606 
14.744761 -14.763291 
32.620003 8.217512 
-34.039566 -26.612352 
-0.827529 -28.280712 
0.954301 -23.851288 
-4.866190 27.220951 
19.578573 2.292281 
10.942626 -24.445436 
-1.431406 3.186686 
-21.894863 -11.303858 
-16.689781 29.754713 
39.623871 24.219715 
-35.826607 28.690041 
33.921455 -1.930606 
-18.101511 28.785120 
-33.740730 -4.864523 
-26.631645 -20.180593 
32.821388 18.026377 
-12.520230 -13.047178 
13.822581 0.531675 
2.568868 18.014339 
11.630767 17.732241 
-8.350651 20.862286 
-23.815207 16.303377 
-36.987377 -27.272755 
38.038734 -22.578302 
29.359447 -12.552036 
-16.263464 -17.935995 
25.519709 2.673833 
31.551794 -16.959230 
-17.487928 14.967421 
13.145299 -6.309504 
36.071480 17.427507 
-22.748953 29.566103 
35.856472 -28.174431 
12.842059 -29.645380 
23.341614 22.374205 
-33.066288 -19.823393 
-25.439022 29.316389 
4.792006 22.980234 
-4.268066 -20.135712 
-29.309021 19.723263 
9.293014 16.776871 
35.711430 29.715157 
-36.132320 26.607512 
-24.339743 6.239057 
-2.651567 -6.254733 
-37.699440 -1.054448 
23.338026 9.866284 
-32.059395 -16.539711 
9.930874 10.259239 
31.877707 18.277473 
5.411865 -4.752765 
-37.817299 -7.969194 
-1.624992 -5.068433 
37.001408 6.676760 
-3.899365 -25.311916 
25.032135 -23.586496 
-12.467557 23.917023 
29.121269 29.872475 
-18.649591 7.320631 
26.731934 1.228910 
-21.588861 -24.712191 
-7.540493 -23.075165 
6.128083 5.706091 
15.273343 3.457147 
-7.262656 -29.467377 
1.861702 19.306725 
-30.419870 -20.043943 
-9.546398 -28.202991 
29.274126 -12.190184 
-38.226364 -22.141235 
38.643112 -8.332880 
-10.824430 16.011749 
-30.917566 -9.392188 
-17.768612 -27.937181 
-35.717312 -3.384173 
32.584766 28.012104 
29.438183 -24.802799 
18.180964 -1.962599 
6.753711 -10.007004 
-34.912701 -8.676775 
-34.940567 -9.694440 
-27.918018 12.187238 
-11.662358 18.999063 
-27.798576 -24.327396 
0.674735 -21.115381 
29.858212 -26.676807 
-35.216015 25.401831 
-7.015499 9.037554 
23.581030 -15.897163 
-2.076021 -12.081689 
-17.254717 -8.287113 
-3.543921 0.774373 
-8.484125 22.027605 
14.052752 -28.821329 
39.340054 1.684723 
20.115128 -5.921619 
-1.760329 -2.333631 
-16.706186 22.404745 
5.731159 10.090517 
-25.174168 -21.466499 
-27.648527 -4.407537 
-3.048808 22.934523 
-2.199438 -13.428572 
-16.017984 27.110992 
-22.273060 26.616034 
-16.681976 11.702380 
-6.659967 -19.617867 
-2.768852 -2.147507 
-26.827663 -27.849138 
-32.082695 -16.729763 
-13.446643 -7.466160 
34.139923 20.247234 
-37.241013 -11.402345 
-39.251808 6.584167 
-39.691040 19.879372 
2.116022 -22.632109 
-3.972407 2.372915 
26.827658 -29.703724 
-32.499287 -19.824472 
-38.372204 -13.886493 
-32.867123 6.028525 
6.761244 1.633469 
36.968975 3.702710 
9.271942 4.263855 
-22.277100 4.495574 
21.661905 -23.917410 
-38.795918 3.103286 
-5.410897 -6.775971 
-14.889219 -1.150436 
-21.499725 0.070410 
-10.416584 5.420068 
30.711679 -19.508999 
-21.163748 -21.782269 
31.757700 15.171687 
-26.541962 28.463863 
-18.335794 14.710291 
-0.305774 15.613353 
-19.111866 -18.444820 
-37.522923 0.388265 
37.633389 14.263471 
-25.725620 -23.548967 
38.953403 29.484793 
-14.189613 -16.388018 
-22.395683 -22.569742 
15.083386 -12.476214 
18.556555 3.771939 
30.139847 -26.457392 
5.860851 -10.791291 
12.547228 -8.933484 
-22.300310 -10.708443 
-17.053968 -0.002657 
35.419132 -0.787604 
21.880232 18.570187 
19.298306 -28.226578 
-3.054703 13.085963 
-27.455894 -2.996620 
7.756636 -10.391735 
23.786970 24.003902 
-24.775791 3.414324 
-32.820866 16.689091 
18.152023 -26.101385 
-2.273712 -29.537037 
-23.386391 16.873138 
-26.349762 1.346867 
-19.406124 29.055841 
10.902562 -21.536079 
6.240499 14.281397 
6.301915 2.121624 
31.974941 13.539782 
5.736656 18.924133 
5.220448 2.538151 
